Only contains output for l=1

% вариант исходных данных # 1
    n = 7;          % количество узлов
k=3;
alpha1 = 0.8;
alpha2 = -0.2;
    V = [500; 500; 200; 200; 50; 50; 50]; % объем запоминающего устройства
    fi = [30; 30; 10; 10; 3; 3; 3]; % производительность вычислительных средств на всех l одинакова
    state(:,:,1) = [0 0 0 0 0 0 0; 0 0 0 0 0 0 0; 3 0 0 0 0 0 0; 0 0 3 0 0 0 0; 0 0 1 0 0 0 0; 0 0 0 0 0 0 0; 0 0 0 1 0 0 0];
    state(:,:,2) = [0 0 0 0 0 0 0; 0 0 0 3 0 0 0; 0 0 0 0 0 1 0; 0 0 3 0 0 0 1; 0 0 0 0 0 0 0; 0 0 0 0 0 0 0; 0 0 0 0 0 0 0];
    state(:,:,3) = [0 0 0 0 0 0 0; 5 0 0 0 0 0 0; 0 0 0 0 0 0 0; 0 3 0 0 0 0 0; 0 0 0 0 0 0 0; 1 0 0 0 0 0 0; 0 0 0 1 0 0 0];
    x_in = [0 0 0; 0 3 0; 0 0 0; 0 0 0; 5 0 0; 0 0 15; 10 0 20]; % начальные значения x (поступившие данные)
psi = [0 1 4 3 1 1 3; 0 0 3 1 1 5 1; 5 3 0 1 1 5 3; 4 4 5 0 2 2 4; 2 4 5 1 0 0 1; 2 3 3 5 5 0 0; 2 2 3 1 2 2 0]; одинаковы на всех l
 
 
Матрицы:
Вход:
 
f =
 
         0
         0
         0
         0
         0
         0
         0
         0
         0
         0
         0
         0
         0
         0
         0
         0
         0
         0
         0
         0
         0
         0
         0
         0
         0
         0
         0
         0
         0
         0
         0
         0
         0
         0
         0
         0
         0
         0
         0
         0
         0
         0
         0
         0
         0
         0
         0
         0
         0
    0.8000
    0.8000
    0.8000
    0.8000
    0.8000
    0.8000
    0.8000
   -0.2000
   -0.2000
   -0.2000
   -0.2000
   -0.2000
   -0.2000
   -0.2000
 
A =
 
     []
 
b =
 
     []
 
Aeq =
 
  Columns 1 through 17
 
     0     0     0     0     0     0     0     0     0     0     0     0    -1     0     0     0     0
     0     0     0     0     0     0     0     0     0     0     0     0     0     0     0     0     0
     0     0     0     0     0     0     0     0     0     0     0     0     1     0     0     0     0
     0     0     0     0     0     0     0     0     0     0     0     0     0     0     0     0     0
     0     0     0     0     0     0     0     0     0     0     0     0     0     0     0     0     0
     0     0     0     0     0     0     0     0     0     0     0     0     0     0     0     0     0
     0     0     0     0     0     0     0     0     0     0     0     0     0     0     0     0     0
 
  Columns 18 through 34
 
     0     0     0     0     0     0     0     0     0     0     0     0     0     0     0     0     0
     0     0     0     0     0     0     0     0     0     0     0     0     0     0     0     0     0
     0     0     0    -1     0     0     0     0     0    -1     0     0     0     0     0     0     0
     0     0     0     1     0     0     0     0     0     0     0     0     0     0     0     0     0
     0     0     0     0     0     0     0     0     0     1     0     0     0     0     0     0     0
     0     0     0     0     0     0     0     0     0     0     0     0     0     0     0     0     0
     0     0     0     0     0     0     0     0     0     0     0     0     0     0     0     0     0
 
  Columns 35 through 51
 
     0     0     0     0     0     0     0     0     1     0     0     0     0     0     0     1     0
     0     0     0     0     0     0     0     0     0     1     0     0     0     0     0     0     1
     0     0     0     0     0     0     0     0     0     0     1     0     0     0     0     0     0
     0     0     0     0     0    -1     0     0     0     0     0     1     0     0     0     0     0
     0     0     0     0     0     0     0     0     0     0     0     0     1     0     0     0     0
     0     0     0     0     0     0     0     0     0     0     0     0     0     1     0     0     0
     0     0     0     0     0     1     0     0     0     0     0     0     0     0     1     0     0
 
  Columns 52 through 63
 
     0     0     0     0     0     1     0     0     0     0     0     0
     0     0     0     0     0     0     1     0     0     0     0     0
     1     0     0     0     0     0     0     1     0     0     0     0
     0     1     0     0     0     0     0     0     1     0     0     0
     0     0     1     0     0     0     0     0     0     1     0     0
     0     0     0     1     0     0     0     0     0     0     1     0
     0     0     0     0     1     0     0     0     0     0     0     1
 
beq =
 
     0
     0
     0
     0
     5
     0
    10
 
lb =
 
     0
     0
     0
     0
     0
     0
     0
     0
     0
     0
     0
     0
     0
     0
     0
     0
     0
     0
     0
     0
     0
     0
     0
     0
     0
     0
     0
     0
     0
     0
     0
     0
     0
     0
     0
     0
     0
     0
     0
     0
     0
     0
     0
     0
     0
     0
     0
     0
     0
     0
     0
     0
     0
     0
     0
     0
     0
     0
     0
     0
     0
     0
     0
 
ub =
 
     1
     4
     3
     1
     1
     3
     0
     3
     1
     1
     5
     1
     5
     3
     1
     1
     5
     3
     4
     4
     5
     2
     2
     4
     2
     4
     5
     1
     0
     1
     2
     3
     3
     5
     5
     0
     2
     2
     3
     1
     2
     2
   500
   500
   200
   200
    50
    50
    50
    30
    30
    10
    10
     3
     3
     3
   Inf
   Inf
   Inf
   Inf
   Inf
   Inf
   Inf
 
Выход:
x =
 
     0     0     0     0     0     0
     0     0     0     0     0     0
     0     0     0     0     0     0
     0     0     0     0     0     0
     0     0     2     0     0     0
     0     0     0     0     0     0
     0     0     0     1     0     0
 
y =
 
     0
     0
     0
     0
     0
     0
     6
 
g =
 
     0
     0
     2
     1
     3
     0
     3
 
z =
 
     0
     0
     0
     0
     0
     0
     0
 
 
--- 
Хорошего дня/вечера.
С уважением,
Виталий Ушаков
